time	speed	target_speed	cte	angle	steer_value
4151	0.000	20.000	0.760	0.000	-0.038
4174	0.876	20.000	0.760	0.000	-0.038
4203	1.314	20.000	0.760	-0.513	-0.038
4233	2.190	20.000	0.760	-0.513	-0.038
4264	2.628	20.000	0.760	-0.513	-0.038
4290	3.504	20.000	0.760	-0.513	-0.038
4316	3.942	20.000	0.760	-0.513	-0.038
4342	4.380	20.000	0.760	-0.513	-0.038
4372	5.256	20.000	0.760	-0.513	-0.038
4405	5.694	20.000	0.760	-0.513	-0.038
4430	6.570	20.000	0.760	-0.513	-0.038
4457	6.786	20.000	0.760	-0.513	-0.038
4501	4.882	20.000	0.760	-0.513	-0.038
4545	0.599	20.000	0.760	-0.513	-0.038
4573	1.354	20.000	0.759	-0.513	-0.038
4598	1.738	20.000	0.759	-0.513	-0.038
4629	1.864	20.000	0.759	-0.513	-0.038
4660	1.728	20.000	0.759	-0.513	-0.038
4685	1.544	20.000	0.759	-0.512	-0.038
4719	1.233	20.000	0.758	-0.512	-0.038
4752	1.172	20.000	0.758	-0.512	-0.038
4785	1.246	20.000	0.758	-0.512	-0.038
4817	1.462	20.000	0.757	-0.511	-0.038
4849	1.526	20.000	0.757	-0.511	-0.038
4882	1.716	20.000	0.757	-0.510	-0.038
4911	1.847	20.000	0.756	-0.510	-0.038
4940	1.956	20.000	0.756	-0.509	-0.038
4966	2.049	20.000	0.755	-0.509	-0.038
4999	2.251	20.000	0.755	-0.508	-0.038
5031	2.400	20.000	0.754	-0.508	-0.038
5064	2.618	20.000	0.753	-0.507	-0.038
5094	2.831	20.000	0.752	-0.506	-0.038
5123	2.969	20.000	0.752	-0.505	-0.038
5149	3.206	20.000	0.751	-0.504	-0.038
5181	3.310	20.000	0.750	-0.503	-0.038
5216	3.578	20.000	0.749	-0.502	-0.037
5244	3.707	20.000	0.748	-0.501	-0.037
5275	3.977	20.000	0.747	-0.500	-0.037
5304	4.116	20.000	0.746	-0.499	-0.037
5335	4.398	20.000	0.745	-0.497	-0.037
5367	4.543	20.000	0.744	-0.496	-0.037
5399	4.838	20.000	0.742	-0.494	-0.037
5427	4.989	20.000	0.741	-0.493	-0.037
5457	5.295	20.000	0.739	-0.491	-0.037
5483	5.447	20.000	0.738	-0.490	-0.037
5516	5.745	20.000	0.736	-0.487	-0.037
5550	5.893	20.000	0.735	-0.486	-0.037
5582	6.182	20.000	0.732	-0.483	-0.037
5625	6.469	20.000	0.730	-0.482	-0.036
5656	6.749	20.000	0.727	-0.479	-0.036
5697	7.022	20.000	0.724	-0.476	-0.036
5735	7.291	20.000	0.721	-0.472	-0.036
5768	7.422	20.000	0.719	-0.469	-0.036
5801	7.679	20.000	0.716	-0.465	-0.036
5840	7.934	20.000	0.713	-0.463	-0.036
5876	8.183	20.000	0.709	-0.459	-0.035
5910	8.305	20.000	0.707	-0.455	-0.035
5943	8.544	20.000	0.704	-0.450	-0.035
5978	8.780	20.000	0.700	-0.448	-0.035
6010	8.896	20.000	0.698	-0.443	-0.035
6040	9.122	20.000	0.693	-0.438	-0.035
6070	9.346	20.000	0.689	-0.436	-0.034
6106	9.456	20.000	0.687	-0.430	-0.034
6139	9.671	20.000	0.683	-0.425	-0.034
6168	9.884	20.000	0.681	-0.422	-0.034
6201	9.988	20.000	0.681	-0.417	-0.034
6248	10.192	20.000	0.686	-0.415	-0.034
6277	10.393	20.000	0.684	-0.415	-0.034
6309	10.492	20.000	0.683	-0.421	-0.034
6343	10.686	20.000	0.684	-0.419	-0.034
6375	10.877	20.000	0.686	-0.418	-0.034
6406	10.971	20.000	0.688	-0.418	-0.034
6440	11.154	20.000	0.692	-0.421	-0.035
6474	11.376	20.000	0.697	-0.423	-0.035
6508	11.353	20.000	0.699	-0.428	-0.035
6538	11.216	20.000	0.705	-0.434	-0.035
6573	11.748	20.000	0.710	-0.438	-0.036
6602	11.663	20.000	0.713	-0.445	-0.036
6639	12.208	20.000	0.718	-0.452	-0.036
6672	12.161	20.000	0.724	-0.455	-0.036
6710	12.110	20.000	0.729	-0.462	-0.036
6738	12.408	20.000	0.732	-0.468	-0.037
6774	12.486	20.000	0.737	-0.475	-0.037
6806	12.815	20.000	0.739	-0.478	-0.037
6834	12.892	20.000	0.744	-0.484	-0.037
6894	12.711	20.000	0.747	-0.488	-0.037
6943	12.866	20.000	0.756	-0.494	-0.038
6974	13.022	20.000	0.761	-0.497	-0.038
7031	13.529	20.000	0.763	-0.509	-0.038
7071	13.784	20.000	0.772	-0.515	-0.039
7100	13.480	20.000	0.774	-0.518	-0.039
7132	13.671	20.000	0.778	-0.529	-0.039
7165	14.056	20.000	0.780	-0.531	-0.039
7198	14.159	20.000	0.784	-0.536	-0.039
7231	14.342	20.000	0.787	-0.539	-0.039
7267	13.842	20.000	0.789	-0.543	-0.039
7299	14.122	20.000	0.792	-0.548	-0.040
7332	14.541	20.000	0.794	-0.550	-0.040
7364	14.633	20.000	0.797	-0.554	-0.040
7424	14.383	20.000	0.801	-0.560	-0.040
7454	14.430	20.000	0.804	-0.560	-0.040
7487	14.957	20.000	0.805	-0.565	-0.040
7519	15.058	20.000	0.807	-0.568	-0.040
7557	15.171	20.000	0.809	-0.570	-0.040
7583	14.764	20.000	0.810	-0.573	-0.040
7618	14.853	20.000	0.811	-0.575	-0.041
7656	14.975	20.000	0.813	-0.576	-0.041
7687	15.467	20.000	0.813	-0.578	-0.041
7724	15.563	20.000	0.814	-0.580	-0.041
7759	15.658	20.000	0.815	-0.580	-0.041
7806	15.748	20.000	0.815	-0.581	-0.041
7842	15.832	20.000	0.815	-0.582	-0.041
7873	15.916	20.000	0.815	-0.583	-0.041
7904	15.499	20.000	0.815	-0.583	-0.041
7937	15.577	20.000	0.815	-0.583	-0.041
7969	16.076	20.000	0.814	-0.583	-0.041
8006	16.160	20.000	0.813	-0.582	-0.041
8042	16.241	20.000	0.812	-0.581	-0.041
8072	16.314	20.000	0.810	-0.580	-0.041
8105	15.891	20.000	0.809	-0.578	-0.040
8137	15.958	20.000	0.807	-0.576	-0.040
8169	16.456	20.000	0.806	-0.575	-0.040
8204	16.536	20.000	0.804	-0.573	-0.040
8238	16.607	20.000	0.801	-0.571	-0.040
8271	16.175	20.000	0.799	-0.568	-0.040
8303	16.240	20.000	0.796	-0.565	-0.040
8336	16.319	20.000	0.792	-0.563	-0.040
8370	16.811	20.000	0.791	-0.559	-0.040
8406	16.880	20.000	0.787	-0.554	-0.039
8440	16.947	20.000	0.782	-0.552	-0.039
8471	17.001	20.000	0.778	-0.547	-0.039
8506	16.571	20.000	0.775	-0.541	-0.039
8538	16.623	20.000	0.770	-0.536	-0.039
8570	16.697	20.000	0.765	-0.533	-0.038
8606	17.184	20.000	0.762	-0.526	-0.038
8641	17.244	20.000	0.756	-0.519	-0.038
8672	17.304	20.000	0.750	-0.516	-0.037
8706	16.860	20.000	0.747	-0.508	-0.037
8742	16.918	20.000	0.740	-0.501	-0.037
8778	16.976	20.000	0.733	-0.497	-0.037
8811	17.039	20.000	0.726	-0.488	-0.036
8849	17.092	20.000	0.718	-0.480	-0.036
8882	17.573	20.000	0.714	-0.471	-0.036
8915	17.630	20.000	0.706	-0.461	-0.035
8953	17.202	20.000	0.702	-0.457	-0.035
8989	17.240	20.000	0.694	-0.447	-0.035
9025	17.298	20.000	0.685	-0.442	-0.034
9059	17.348	20.000	0.676	-0.431	-0.034
9089	17.400	20.000	0.667	-0.420	-0.033
9123	17.873	20.000	0.662	-0.409	-0.033
9154	17.920	20.000	0.653	-0.397	-0.033
9190	17.497	20.000	0.648	-0.391	-0.032
9221	17.527	20.000	0.638	-0.379	-0.032
9261	17.582	20.000	0.627	-0.373	-0.031
9296	17.623	20.000	0.617	-0.361	-0.031
9339	17.672	20.000	0.606	-0.348	-0.030
9373	17.713	20.000	0.596	-0.335	-0.030
9408	18.175	20.000	0.591	-0.322	-0.030
9438	18.218	20.000	0.584	-0.308	-0.029
9472	18.252	20.000	0.579	-0.303	-0.029
9508	17.823	20.000	0.577	-0.294	-0.029
9542	17.858	20.000	0.575	-0.287	-0.029
9578	17.899	20.000	0.575	-0.285	-0.029
9615	17.940	20.000	0.577	-0.282	-0.029
9650	18.391	20.000	0.579	-0.282	-0.029
9689	18.427	20.000	0.583	-0.285	-0.029
9723	18.458	20.000	0.587	-0.287	-0.029
9758	18.482	20.000	0.590	-0.292	-0.030
9793	18.511	20.000	0.593	-0.297	-0.030
9840	18.535	20.000	0.597	-0.301	-0.030
9871	18.561	20.000	0.599	-0.305	-0.030
9907	18.143	20.000	0.601	-0.309	-0.030
9943	18.169	20.000	0.603	-0.313	-0.030
9978	18.206	20.000	0.606	-0.315	-0.030
10016	18.239	20.000	0.608	-0.318	-0.030
10054	18.271	20.000	0.610	-0.321	-0.030
10089	18.303	20.000	0.612	-0.324	-0.031
10124	18.734	20.000	0.612	-0.326	-0.031
10159	18.763	20.000	0.614	-0.328	-0.031
10193	18.786	20.000	0.615	-0.329	-0.031
10228	18.378	20.000	0.616	-0.331	-0.031
10267	18.401	20.000	0.617	-0.333	-0.031
10307	18.431	20.000	0.617	-0.333	-0.031
10336	18.460	20.000	0.618	-0.334	-0.031
10375	18.487	20.000	0.618	-0.335	-0.031
10409	18.515	20.000	0.618	-0.336	-0.031
10443	18.930	20.000	0.618	-0.336	-0.031
10478	18.955	20.000	0.617	-0.336	-0.031
10516	18.974	20.000	0.617	-0.336	-0.031
10555	18.988	20.000	0.616	-0.335	-0.031
10589	19.005	20.000	0.615	-0.334	-0.031
10621	18.611	20.000	0.614	-0.333	-0.031
10657	18.628	20.000	0.613	-0.332	-0.031
10692	18.654	20.000	0.611	-0.331	-0.031
10726	19.059	20.000	0.610	-0.330	-0.031
10761	19.081	20.000	0.608	-0.327	-0.030
10803	19.096	20.000	0.606	-0.326	-0.030
10839	19.108	20.000	0.603	-0.324	-0.030
10874	19.122	20.000	0.601	-0.321	-0.030
10908	18.738	20.000	0.599	-0.318	-0.030
10943	18.752	20.000	0.596	-0.315	-0.030
10977	18.776	20.000	0.593	-0.313	-0.030
11019	18.797	20.000	0.590	-0.309	-0.029
11057	18.818	20.000	0.586	-0.305	-0.029
11092	18.838	20.000	0.582	-0.301	-0.029
11127	19.226	20.000	0.580	-0.296	-0.029
11169	19.244	20.000	0.576	-0.291	-0.029
11206	19.256	20.000	0.572	-0.289	-0.029
11241	19.264	20.000	0.567	-0.283	-0.028
11281	19.275	20.000	0.562	-0.278	-0.028
11324	19.285	20.000	0.557	-0.272	-0.028
11360	19.295	20.000	0.552	-0.266	-0.028
11398	19.304	20.000	0.546	-0.260	-0.027
11436	19.313	20.000	0.541	-0.253	-0.027
11475	19.322	20.000	0.535	-0.247	-0.027
11509	19.331	20.000	0.529	-0.240	-0.026
11544	18.966	20.000	0.526	-0.233	-0.026
11587	18.975	20.000	0.520	-0.225	-0.026
11626	18.994	20.000	0.514	-0.221	-0.026
11673	19.380	20.000	0.504	-0.214	-0.025
11709	19.028	20.000	0.501	-0.206	-0.025
11745	19.034	20.000	0.494	-0.194	-0.025
11786	19.052	20.000	0.487	-0.189	-0.024
11839	19.067	20.000	0.480	-0.181	-0.024
11884	19.443	20.000	0.469	-0.172	-0.023
11921	19.456	20.000	0.462	-0.164	-0.023
11957	19.463	20.000	0.454	-0.150	-0.023
11997	19.468	20.000	0.447	-0.141	-0.022
12031	19.474	20.000	0.440	-0.131	-0.022
12069	19.127	20.000	0.437	-0.122	-0.022
12110	19.486	20.000	0.432	-0.113	-0.022
12148	19.140	20.000	0.432	-0.110	-0.022
12191	19.147	20.000	0.434	-0.104	-0.022
12241	19.514	20.000	0.441	-0.104	-0.022
12283	19.526	20.000	0.449	-0.106	-0.022
12330	19.532	20.000	0.458	-0.115	-0.023
12380	19.196	20.000	0.470	-0.125	-0.024
12421	19.200	20.000	0.478	-0.136	-0.024
12461	19.215	20.000	0.486	-0.151	-0.024
12508	19.226	20.000	0.494	-0.162	-0.025
12548	19.237	20.000	0.502	-0.172	-0.025
12597	19.589	20.000	0.514	-0.182	-0.026
12639	19.599	20.000	0.521	-0.192	-0.026
12679	19.604	20.000	0.529	-0.206	-0.026
12726	19.606	20.000	0.536	-0.215	-0.027
12765	19.609	20.000	0.543	-0.225	-0.027
12811	19.280	20.000	0.553	-0.234	-0.028
12859	19.283	20.000	0.560	-0.243	-0.028
12908	19.295	20.000	0.567	-0.256	-0.028
12949	19.639	20.000	0.576	-0.264	-0.029
12987	19.315	20.000	0.579	-0.272	-0.029
13026	19.315	20.000	0.585	-0.284	-0.029
13080	19.327	20.000	0.591	-0.287	-0.030
13128	19.345	20.000	0.601	-0.295	-0.030
13165	19.677	20.000	0.604	-0.302	-0.030
13206	19.685	20.000	0.609	-0.315	-0.030
13242	19.688	20.000	0.613	-0.318	-0.031
13277	19.688	20.000	0.618	-0.324	-0.031
13320	19.691	20.000	0.622	-0.330	-0.031
13361	19.692	20.000	0.626	-0.336	-0.031
13397	19.694	20.000	0.629	-0.341	-0.031
13434	19.695	20.000	0.633	-0.346	-0.032
13472	19.697	20.000	0.636	-0.350	-0.032
13507	19.370	20.000	0.637	-0.354	-0.032
13544	19.371	20.000	0.640	-0.358	-0.032
13579	19.381	20.000	0.642	-0.360	-0.032
13617	19.389	20.000	0.645	-0.364	-0.032
13655	19.397	20.000	0.647	-0.367	-0.032
13689	19.404	20.000	0.648	-0.369	-0.032
13720	19.732	20.000	0.649	-0.372	-0.032
13756	19.739	20.000	0.650	-0.374	-0.033
13791	19.741	20.000	0.651	-0.375	-0.033
13832	19.741	20.000	0.652	-0.376	-0.033
13880	19.742	20.000	0.652	-0.378	-0.033
13913	19.743	20.000	0.652	-0.378	-0.033
13951	19.418	20.000	0.652	-0.379	-0.033
13989	19.419	20.000	0.652	-0.379	-0.033
14026	19.428	20.000	0.651	-0.379	-0.033
14061	19.435	20.000	0.651	-0.379	-0.033
14099	19.442	20.000	0.649	-0.378	-0.032
14139	19.449	20.000	0.648	-0.377	-0.032
14170	19.455	20.000	0.646	-0.375	-0.032
14206	19.780	20.000	0.645	-0.374	-0.032
14238	19.786	20.000	0.643	-0.371	-0.032
14274	19.787	20.000	0.641	-0.370	-0.032
14309	19.786	20.000	0.638	-0.367	-0.032
14345	19.465	20.000	0.637	-0.364	-0.032
14391	19.786	20.000	0.639	-0.361	-0.032
14425	19.464	20.000	0.641	-0.360	-0.032
14459	19.465	20.000	0.647	-0.363	-0.032
14493	19.473	20.000	0.655	-0.365	-0.033
14530	19.797	20.000	0.661	-0.372	-0.033
14565	19.803	20.000	0.673	-0.383	-0.034
14604	19.804	20.000	0.686	-0.390	-0.034
14638	19.802	20.000	0.699	-0.405	-0.035
14670	19.803	20.000	0.711	-0.421	-0.036
14706	19.481	20.000	0.717	-0.437	-0.036
14741	19.480	20.000	0.729	-0.452	-0.036
14777	19.488	20.000	0.740	-0.460	-0.037
14817	19.494	20.000	0.751	-0.474	-0.038
14864	19.500	20.000	0.762	-0.489	-0.038
14902	19.506	20.000	0.772	-0.503	-0.039
14939	19.512	20.000	0.782	-0.516	-0.039
14971	19.517	20.000	0.792	-0.529	-0.040
15004	19.838	20.000	0.796	-0.541	-0.040
15037	19.843	20.000	0.805	-0.553	-0.040
15069	19.843	20.000	0.814	-0.559	-0.041
15098	19.522	20.000	0.818	-0.570	-0.041
15140	19.522	20.000	0.826	-0.581	-0.041
15176	19.529	20.000	0.833	-0.586	-0.042
15212	19.534	20.000	0.840	-0.596	-0.042
15251	19.852	20.000	0.843	-0.605	-0.042
15286	19.858	20.000	0.850	-0.614	-0.042
15329	19.538	20.000	0.858	-0.618	-0.043
15373	19.854	20.000	0.861	-0.625	-0.043
15414	19.546	20.000	0.868	-0.636	-0.043
15453	19.543	20.000	0.872	-0.639	-0.044
15492	19.550	20.000	0.875	-0.648	-0.044
15527	19.555	20.000	0.879	-0.653	-0.044
15566	19.873	20.000	0.880	-0.658	-0.044
15605	19.878	20.000	0.882	-0.662	-0.044
15642	19.878	20.000	0.884	-0.664	-0.044
15679	19.875	20.000	0.886	-0.666	-0.044
15718	19.874	20.000	0.886	-0.669	-0.044
15758	19.872	20.000	0.887	-0.671	-0.044
15794	19.871	20.000	0.887	-0.672	-0.044
15834	19.869	20.000	0.886	-0.672	-0.044
15874	19.868	20.000	0.885	-0.672	-0.044
15921	19.867	20.000	0.883	-0.671	-0.044
15957	19.865	20.000	0.881	-0.670	-0.044
16001	19.864	20.000	0.878	-0.668	-0.044
16041	19.863	20.000	0.875	-0.665	-0.044
16079	19.861	20.000	0.871	-0.661	-0.044
16124	19.860	20.000	0.867	-0.657	-0.043
16157	19.859	20.000	0.863	-0.653	-0.043
16192	19.858	20.000	0.857	-0.648	-0.043
16229	19.857	20.000	0.852	-0.642	-0.043
16268	19.537	20.000	0.849	-0.635	-0.042
16308	19.536	20.000	0.842	-0.628	-0.042
16350	19.862	20.000	0.832	-0.625	-0.042
16391	19.550	20.000	0.828	-0.617	-0.041
16426	19.546	20.000	0.820	-0.604	-0.041
16465	19.553	20.000	0.812	-0.599	-0.041
16505	19.558	20.000	0.803	-0.589	-0.040
16543	19.563	20.000	0.794	-0.579	-0.040
16585	19.568	20.000	0.785	-0.568	-0.039
16629	19.890	20.000	0.770	-0.557	-0.038
16672	19.895	20.000	0.759	-0.545	-0.038
16712	19.894	20.000	0.749	-0.526	-0.037
16753	19.892	20.000	0.743	-0.512	-0.037
16791	19.890	20.000	0.739	-0.500	-0.037
16836	19.889	20.000	0.735	-0.492	-0.037
16895	19.887	20.000	0.735	-0.487	-0.037
16947	19.568	20.000	0.738	-0.482	-0.037
16986	19.566	20.000	0.741	-0.482	-0.037
17024	19.573	20.000	0.744	-0.486	-0.037
17063	19.577	20.000	0.746	-0.490	-0.037
17104	19.582	20.000	0.748	-0.493	-0.037
17136	19.587	20.000	0.750	-0.496	-0.037
17163	19.903	20.000	0.750	-0.499	-0.038
17198	19.907	20.000	0.751	-0.501	-0.038
17234	19.907	20.000	0.752	-0.502	-0.038
17270	19.904	20.000	0.752	-0.503	-0.038
17308	19.902	20.000	0.752	-0.504	-0.038
17340	19.586	20.000	0.752	-0.504	-0.038
17384	19.584	20.000	0.751	-0.504	-0.038
17434	19.905	20.000	0.750	-0.504	-0.037
17469	19.596	20.000	0.749	-0.503	-0.037
17505	19.591	20.000	0.747	-0.501	-0.037
17539	19.598	20.000	0.745	-0.500	-0.037
17571	19.602	20.000	0.742	-0.498	-0.037
17610	19.606	20.000	0.739	-0.495	-0.037
17652	19.922	20.000	0.738	-0.492	-0.037
17685	19.925	20.000	0.734	-0.488	-0.037
17717	19.925	20.000	0.730	-0.486	-0.037
17751	19.608	20.000	0.728	-0.481	-0.036
17785	19.607	20.000	0.724	-0.477	-0.036
17819	19.612	20.000	0.719	-0.474	-0.036
17853	19.616	20.000	0.714	-0.468	-0.036
17891	19.620	20.000	0.708	-0.462	-0.035
17926	19.934	20.000	0.705	-0.456	-0.035
17966	19.938	20.000	0.699	-0.449	-0.035
18003	19.937	20.000	0.693	-0.445	-0.035
18036	19.934	20.000	0.686	-0.438	-0.034
18073	19.932	20.000	0.679	-0.430	-0.034
18104	19.616	20.000	0.676	-0.421	-0.034
18137	19.614	20.000	0.668	-0.413	-0.033
18173	19.620	20.000	0.660	-0.408	-0.033
18210	19.623	20.000	0.652	-0.399	-0.033
18246	19.938	20.000	0.648	-0.389	-0.032
18285	19.942	20.000	0.639	-0.379	-0.032
18323	19.940	20.000	0.631	-0.374	-0.032
18359	19.937	20.000	0.621	-0.363	-0.031
18401	19.935	20.000	0.612	-0.352	-0.031
18444	19.933	20.000	0.602	-0.340	-0.030
18479	19.931	20.000	0.593	-0.329	-0.030
18519	19.929	20.000	0.582	-0.317	-0.029
18557	19.927	20.000	0.572	-0.304	-0.029
18592	19.925	20.000	0.561	-0.291	-0.028
18631	19.609	20.000	0.556	-0.279	-0.028
18671	19.607	20.000	0.545	-0.265	-0.027
18707	19.613	20.000	0.534	-0.259	-0.027
18743	19.617	20.000	0.523	-0.245	-0.026
18782	19.621	20.000	0.511	-0.231	-0.026
18821	19.625	20.000	0.499	-0.217	-0.025
18857	19.630	20.000	0.488	-0.203	-0.024
18894	19.634	20.000	0.476	-0.188	-0.024
18931	19.637	20.000	0.464	-0.173	-0.023
18992	19.641	20.000	0.451	-0.158	-0.023
19022	19.645	20.000	0.439	-0.143	-0.022
19054	19.649	20.000	0.427	-0.128	-0.021
19085	19.963	20.000	0.420	-0.113	-0.021
19124	19.966	20.000	0.408	-0.097	-0.020
19156	19.965	20.000	0.395	-0.089	-0.020
19193	19.961	20.000	0.382	-0.073	-0.019
19226	19.647	20.000	0.376	-0.058	-0.019
19259	19.644	20.000	0.363	-0.042	-0.018
19293	19.649	20.000	0.351	-0.034	-0.018
19332	19.962	20.000	0.344	-0.018	-0.017
19371	19.656	20.000	0.332	-0.002	-0.017
19414	19.652	20.000	0.330	0.006	-0.016
19471	19.970	20.000	0.333	0.021	-0.017
19504	19.662	20.000	0.335	0.024	-0.017
19540	19.657	20.000	0.347	0.021	-0.017
19576	19.662	20.000	0.362	0.017	-0.018
19611	19.666	20.000	0.377	0.003	-0.019
19646	19.978	20.000	0.384	-0.016	-0.019
19684	19.981	20.000	0.400	-0.035	-0.020
19721	19.980	20.000	0.415	-0.044	-0.021
19754	19.976	20.000	0.430	-0.063	-0.021
19790	19.974	20.000	0.445	-0.082	-0.022
19823	19.660	20.000	0.452	-0.101	-0.023
19858	19.657	20.000	0.467	-0.119	-0.023
19889	19.662	20.000	0.481	-0.129	-0.024
19927	19.974	20.000	0.489	-0.147	-0.024
19974	19.668	20.000	0.510	-0.165	-0.026
20009	19.664	20.000	0.525	-0.175	-0.026
20047	19.976	20.000	0.532	-0.202	-0.027
20087	19.980	20.000	0.546	-0.220	-0.027
20123	19.979	20.000	0.560	-0.229	-0.028
20162	19.976	20.000	0.574	-0.246	-0.029
20201	19.973	20.000	0.587	-0.264	-0.029
20237	19.971	20.000	0.601	-0.281	-0.030
20274	19.968	20.000	0.614	-0.298	-0.031
20309	19.966	20.000	0.626	-0.314	-0.031
20349	19.651	20.000	0.633	-0.331	-0.032
20389	19.649	20.000	0.645	-0.347	-0.032
20424	19.654	20.000	0.657	-0.355	-0.033
20466	19.658	20.000	0.669	-0.370	-0.033
20504	19.661	20.000	0.681	-0.385	-0.034
20539	19.665	20.000	0.692	-0.400	-0.035
20575	19.669	20.000	0.703	-0.415	-0.035
20613	19.672	20.000	0.714	-0.429	-0.036
20651	19.985	20.000	0.719	-0.443	-0.036
20685	19.988	20.000	0.729	-0.456	-0.036
20723	19.986	20.000	0.739	-0.463	-0.037
20759	19.983	20.000	0.749	-0.475	-0.037
20798	19.980	20.000	0.758	-0.487	-0.038
20839	19.978	20.000	0.766	-0.499	-0.038
20876	19.975	20.000	0.775	-0.511	-0.039
20923	19.973	20.000	0.782	-0.521	-0.039
20959	19.970	20.000	0.790	-0.532	-0.039
20999	19.968	20.000	0.797	-0.542	-0.040
21042	19.966	20.000	0.804	-0.551	-0.040
21079	19.963	20.000	0.810	-0.560	-0.040
21122	19.961	20.000	0.816	-0.568	-0.041
21158	19.959	20.000	0.821	-0.576	-0.041
21197	19.957	20.000	0.826	-0.583	-0.041
21235	19.955	20.000	0.830	-0.590	-0.042
21273	19.953	20.000	0.834	-0.596	-0.042
21308	19.637	20.000	0.836	-0.602	-0.042
21346	19.636	20.000	0.840	-0.607	-0.042
21386	19.642	20.000	0.842	-0.609	-0.042
21430	19.646	20.000	0.845	-0.613	-0.042
21492	19.654	20.000	0.849	-0.617	-0.042
21528	19.967	20.000	0.850	-0.620	-0.043
21566	19.971	20.000	0.855	-0.625	-0.043
21619	19.655	20.000	0.865	-0.626	-0.043
21666	19.653	20.000	0.874	-0.632	-0.044
21714	19.970	20.000	0.890	-0.645	-0.044
21758	19.975	20.000	0.900	-0.656	-0.045
21807	19.974	20.000	0.910	-0.676	-0.045
21846	19.971	20.000	0.919	-0.689	-0.046
21894	19.655	20.000	0.931	-0.701	-0.047
21943	19.653	20.000	0.939	-0.712	-0.047
22015	19.663	20.000	0.953	-0.728	-0.048
22060	19.667	20.000	0.959	-0.738	-0.048
22110	19.984	20.000	0.967	-0.755	-0.048
22158	19.987	20.000	0.972	-0.762	-0.049
22206	19.986	20.000	0.976	-0.772	-0.049
22251	19.669	20.000	0.980	-0.778	-0.049
22293	19.666	20.000	0.983	-0.783	-0.049
22340	19.672	20.000	0.985	-0.789	-0.049
22388	19.987	20.000	0.987	-0.792	-0.049
22428	19.991	20.000	0.987	-0.795	-0.049
22480	19.989	20.000	0.987	-0.797	-0.049
22532	19.674	20.000	0.985	-0.797	-0.049
22579	19.670	20.000	0.984	-0.797	-0.049
22640	19.987	20.000	0.980	-0.795	-0.049
22686	19.991	20.000	0.977	-0.793	-0.049
22729	19.676	20.000	0.971	-0.788	-0.049
22773	19.674	20.000	0.966	-0.784	-0.048
22811	19.679	20.000	0.960	-0.777	-0.048
22853	19.682	20.000	0.954	-0.771	-0.048
22891	19.686	20.000	0.948	-0.764	-0.047
22932	19.689	20.000	0.941	-0.757	-0.047
22975	19.692	20.000	0.933	-0.749	-0.047
23014	19.696	20.000	0.925	-0.740	-0.046
23056	19.699	20.000	0.916	-0.730	-0.046
23095	19.702	20.000	0.906	-0.720	-0.045
