time	speed	target_speed	cte	angle	steer_value
3721	0.000	20.000	0.760	0.000	-0.001
3745	0.438	20.000	0.760	0.000	-0.002
3771	1.314	20.000	0.760	0.417	-0.002
3798	1.752	20.000	0.760	0.398	-0.003
3827	2.190	20.000	0.760	0.379	-0.004
3854	3.066	20.000	0.760	0.360	-0.005
3881	3.504	20.000	0.760	0.341	-0.005
3913	3.942	20.000	0.760	0.322	-0.006
3943	4.818	20.000	0.760	0.303	-0.007
3970	5.256	20.000	0.760	0.284	-0.008
3996	6.132	20.000	0.760	0.265	-0.008
4024	6.570	20.000	0.760	0.246	-0.009
4053	4.885	20.000	0.760	0.227	-0.010
4081	3.214	20.000	0.760	0.208	-0.011
4108	1.749	20.000	0.760	0.189	-0.011
4137	0.801	20.000	0.760	0.170	-0.012
4164	1.375	20.000	0.760	0.151	-0.013
4192	1.734	20.000	0.759	0.132	-0.014
4216	1.877	20.000	0.759	0.113	-0.014
4248	1.751	20.000	0.759	0.094	-0.015
4279	1.386	20.000	0.759	0.075	-0.016
4312	1.250	20.000	0.759	0.057	-0.017
4338	1.202	20.000	0.759	0.037	-0.017
4367	1.256	20.000	0.759	0.018	-0.018
4399	1.453	20.000	0.758	-0.001	-0.019
4429	1.526	20.000	0.758	-0.019	-0.020
4458	1.708	20.000	0.758	-0.038	-0.021
4486	1.763	20.000	0.758	-0.057	-0.021
4513	1.997	20.000	0.757	-0.076	-0.022
4543	2.054	20.000	0.757	-0.095	-0.023
4575	2.222	20.000	0.756	-0.114	-0.024
4603	2.316	20.000	0.756	-0.133	-0.024
4630	2.419	20.000	0.756	-0.152	-0.025
4662	2.614	20.000	0.755	-0.171	-0.026
4703	2.828	20.000	0.754	-0.190	-0.027
4742	3.046	20.000	0.753	-0.209	-0.027
4775	3.282	20.000	0.753	-0.228	-0.028
4815	3.541	20.000	0.752	-0.246	-0.029
4856	3.795	20.000	0.751	-0.265	-0.030
4888	3.925	20.000	0.750	-0.284	-0.030
4919	4.191	20.000	0.749	-0.303	-0.031
4948	4.329	20.000	0.748	-0.322	-0.032
4980	4.609	20.000	0.747	-0.340	-0.033
5012	4.753	20.000	0.746	-0.359	-0.033
5045	5.046	20.000	0.744	-0.378	-0.034
5083	5.350	20.000	0.743	-0.396	-0.035
5116	5.654	20.000	0.741	-0.415	-0.036
5158	5.952	20.000	0.739	-0.433	-0.036
5192	6.244	20.000	0.737	-0.452	-0.037
5227	6.388	20.000	0.736	-0.470	-0.038
5273	6.807	20.000	0.732	-0.489	-0.038
5330	7.084	20.000	0.729	-0.507	-0.039
5381	7.485	20.000	0.725	-0.525	-0.040
5421	7.746	20.000	0.722	-0.544	-0.041
5454	7.999	20.000	0.719	-0.562	-0.041
5496	8.123	20.000	0.717	-0.580	-0.042
5537	8.487	20.000	0.712	-0.598	-0.043
5562	8.608	20.000	0.710	-0.616	-0.044
5592	8.725	20.000	0.708	-0.634	-0.044
5632	8.955	20.000	0.704	-0.651	-0.045
5673	9.183	20.000	0.700	-0.669	-0.046
5704	9.406	20.000	0.695	-0.687	-0.046
5732	9.625	20.000	0.691	-0.704	-0.047
5766	9.732	20.000	0.690	-0.722	-0.048
5806	9.941	20.000	0.689	-0.739	-0.048
5840	10.149	20.000	0.693	-0.756	-0.049
5869	10.250	20.000	0.698	-0.773	-0.050
5902	10.449	20.000	0.690	-0.791	-0.050
5931	10.547	20.000	0.689	-0.808	-0.051
5984	10.740	20.000	0.690	-0.825	-0.052
6032	11.025	20.000	0.693	-0.843	-0.053
6063	11.211	20.000	0.697	-0.860	-0.053
6094	11.312	20.000	0.701	-0.877	-0.054
6126	11.655	20.000	0.703	-0.894	-0.055
6154	11.590	20.000	0.707	-0.912	-0.055
6180	11.925	20.000	0.709	-0.930	-0.056
6212	11.549	20.000	0.711	-0.947	-0.057
6244	11.639	20.000	0.714	-0.965	-0.057
6278	11.895	20.000	0.718	-0.983	-0.058
6311	12.241	20.000	0.719	-1.001	-0.059
6361	12.265	20.000	0.722	-1.019	-0.060
6407	12.553	20.000	0.726	-1.037	-0.060
6440	12.571	20.000	0.728	-1.055	-0.061
6469	12.987	20.000	0.729	-1.073	-0.062
6500	13.104	20.000	0.731	-1.091	-0.063
6537	13.168	20.000	0.732	-1.109	-0.063
6567	13.108	20.000	0.732	-1.127	-0.064
6599	13.129	20.000	0.733	-1.146	-0.065
6631	13.496	20.000	0.733	-1.164	-0.065
6665	13.662	20.000	0.733	-1.182	-0.066
6699	13.663	20.000	0.733	-1.201	-0.067
6733	13.662	20.000	0.732	-1.219	-0.068
6762	13.776	20.000	0.731	-1.237	-0.068
6801	13.830	20.000	0.729	-1.256	-0.069
6830	14.098	20.000	0.728	-1.274	-0.070
6865	14.166	20.000	0.726	-1.292	-0.071
6899	14.361	20.000	0.723	-1.310	-0.071
6932	14.181	20.000	0.721	-1.329	-0.072
6962	14.318	20.000	0.717	-1.347	-0.073
6995	14.381	20.000	0.713	-1.365	-0.073
7029	14.630	20.000	0.710	-1.383	-0.074
7068	14.783	20.000	0.705	-1.400	-0.075
7099	14.866	20.000	0.699	-1.418	-0.076
7137	15.025	20.000	0.692	-1.436	-0.076
7168	14.840	20.000	0.688	-1.453	-0.077
7199	14.956	20.000	0.680	-1.470	-0.078
7234	15.257	20.000	0.676	-1.488	-0.078
7265	15.241	20.000	0.667	-1.505	-0.079
7303	15.432	20.000	0.657	-1.522	-0.080
7347	15.429	20.000	0.647	-1.538	-0.080
7381	15.623	20.000	0.635	-1.555	-0.081
7415	15.404	20.000	0.629	-1.571	-0.082
7458	15.785	20.000	0.610	-1.587	-0.082
7497	15.781	20.000	0.597	-1.603	-0.083
7528	15.705	20.000	0.589	-1.618	-0.083
7561	15.755	20.000	0.574	-1.633	-0.084
7603	15.950	20.000	0.566	-1.647	-0.084
7633	15.923	20.000	0.541	-1.662	-0.085
7665	16.115	20.000	0.532	-1.676	-0.086
7697	16.273	20.000	0.514	-1.689	-0.086
7732	16.085	20.000	0.504	-1.703	-0.087
7766	16.173	20.000	0.485	-1.716	-0.087
7801	16.234	20.000	0.464	-1.728	-0.088
7833	16.419	20.000	0.453	-1.740	-0.088
7866	16.560	20.000	0.430	-1.752	-0.088
7904	16.562	20.000	0.407	-1.763	-0.089
7934	16.690	20.000	0.383	-1.774	-0.089
7986	16.694	20.000	0.357	-1.784	-0.090
8019	16.815	20.000	0.331	-1.794	-0.090
8053	16.821	20.000	0.303	-1.803	-0.090
8084	16.722	20.000	0.289	-1.811	-0.090
8116	16.775	20.000	0.259	-1.819	-0.091
8150	16.943	20.000	0.244	-1.826	-0.091
8183	17.052	20.000	0.213	-1.832	-0.091
8216	17.064	20.000	0.181	-1.838	-0.091
8249	16.963	20.000	0.164	-1.844	-0.092
8284	17.017	20.000	0.130	-1.848	-0.092
8319	17.078	20.000	0.095	-1.852	-0.092
8349	17.269	20.000	0.077	-1.855	-0.092
8387	17.289	20.000	0.041	-1.858	-0.092
8417	17.370	20.000	0.003	-1.860	-0.092
8453	17.244	20.000	-0.017	-1.861	-0.092
8484	17.294	20.000	-0.057	-1.861	-0.092
8518	17.350	20.000	-0.098	-1.861	-0.092
8556	17.402	20.000	-0.140	-1.859	-0.092
8591	17.558	20.000	-0.162	-1.857	-0.091
8625	17.588	20.000	-0.206	-1.853	-0.091
8656	17.644	20.000	-0.251	-1.849	-0.091
8686	17.556	20.000	-0.274	-1.844	-0.091
8718	17.602	20.000	-0.321	-1.838	-0.090
8750	17.722	20.000	-0.345	-1.831	-0.090
8790	17.755	20.000	-0.394	-1.823	-0.090
8821	17.799	20.000	-0.444	-1.814	-0.089
8851	17.746	20.000	-0.470	-1.804	-0.089
8886	17.789	20.000	-0.522	-1.793	-0.088
8918	17.835	20.000	-0.575	-1.781	-0.088
8953	17.910	20.000	-0.602	-1.768	-0.087
8987	17.949	20.000	-0.657	-1.754	-0.086
9018	17.984	20.000	-0.711	-1.739	-0.086
9049	17.959	20.000	-0.738	-1.722	-0.085
9082	17.997	20.000	-0.790	-1.705	-0.084
9116	18.056	20.000	-0.816	-1.686	-0.083
9153	18.092	20.000	-0.866	-1.667	-0.082
9187	18.126	20.000	-0.915	-1.646	-0.082
9222	18.160	20.000	-0.964	-1.625	-0.081
9252	18.191	20.000	-1.011	-1.602	-0.080
9287	18.174	20.000	-1.034	-1.577	-0.079
9321	18.208	20.000	-1.083	-1.552	-0.077
9356	18.240	20.000	-1.132	-1.526	-0.076
9390	18.288	20.000	-1.157	-1.499	-0.075
9419	18.319	20.000	-1.208	-1.471	-0.074
9454	18.349	20.000	-1.260	-1.442	-0.073
9484	18.333	20.000	-1.286	-1.412	-0.071
9520	18.361	20.000	-1.339	-1.380	-0.070
9554	18.390	20.000	-1.394	-1.348	-0.069
9589	18.436	20.000	-1.421	-1.315	-0.067
9619	18.464	20.000	-1.476	-1.280	-0.066
9649	18.441	20.000	-1.504	-1.244	-0.064
9687	18.466	20.000	-1.561	-1.207	-0.063
9722	18.493	20.000	-1.618	-1.170	-0.061
9770	18.520	20.000	-1.676	-1.131	-0.059
9810	18.545	20.000	-1.735	-1.090	-0.058
9845	18.570	20.000	-1.794	-1.048	-0.056
9899	18.639	20.000	-1.885	-1.005	-0.054
9939	18.662	20.000	-1.946	-0.960	-0.052
9978	18.683	20.000	-2.008	-0.913	-0.050
10014	18.663	20.000	-2.040	-0.865	-0.048
10051	18.684	20.000	-2.103	-0.814	-0.046
10085	18.705	20.000	-2.166	-0.763	-0.044
10120	18.727	20.000	-2.230	-0.711	-0.041
10150	18.767	20.000	-2.262	-0.657	-0.039
10190	18.787	20.000	-2.327	-0.601	-0.037
10224	18.806	20.000	-2.392	-0.544	-0.035
10261	18.815	20.000	-2.457	-0.486	-0.032
10319	18.831	20.000	-2.523	-0.426	-0.030
10366	18.836	20.000	-2.622	-0.365	-0.027
10401	18.849	20.000	-2.688	-0.302	-0.024
10437	18.858	20.000	-2.754	-0.236	-0.021
10477	18.871	20.000	-2.820	-0.169	-0.019
10513	18.924	20.000	-2.853	-0.100	-0.016
10549	18.938	20.000	-2.920	-0.030	-0.013
10581	18.956	20.000	-2.986	0.042	-0.010
10656	18.967	20.000	-3.051	0.115	-0.007
10702	18.997	20.000	-3.182	0.189	-0.004
10735	19.011	20.000	-3.248	0.266	-0.000
10801	18.969	20.000	-3.280	0.345	0.003
10864	18.996	20.000	-3.441	0.426	0.006
10901	18.995	20.000	-3.502	0.508	0.010
10932	19.006	20.000	-3.532	0.594	0.013
11001	18.970	20.000	-3.591	0.682	0.017
11057	18.934	20.000	-3.727	0.770	0.021
11093	18.923	20.000	-3.753	0.860	0.024
11129	18.861	20.000	-3.803	0.953	0.028
11172	18.890	20.000	-3.852	1.047	0.032
11208	18.851	20.000	-3.897	1.142	0.036
11249	18.832	20.000	-3.939	1.238	0.040
11281	19.016	20.000	-3.979	1.336	0.044
11317	19.037	20.000	-3.999	1.434	0.048
11349	19.050	20.000	-4.034	1.534	0.052
11394	18.982	20.000	-4.066	1.634	0.056
11423	18.938	20.000	-4.097	1.734	0.060
11461	18.994	20.000	-4.125	1.836	0.064
11493	18.983	20.000	-4.151	1.939	0.068
11534	19.027	20.000	-4.163	2.042	0.073
11568	19.038	20.000	-4.186	2.146	0.077
11600	19.058	20.000	-4.207	2.250	0.081
11639	19.074	20.000	-4.225	2.354	0.085
11669	19.044	20.000	-4.233	2.459	0.089
11698	19.075	20.000	-4.247	2.565	0.094
11732	19.107	20.000	-4.253	2.671	0.098
11768	19.117	20.000	-4.263	2.777	0.102
11795	19.138	20.000	-4.260	2.883	0.106
11833	19.121	20.000	-4.258	2.990	0.111
11871	19.146	20.000	-4.250	3.096	0.115
11903	19.172	20.000	-4.237	3.203	0.119
11935	19.213	20.000	-4.220	3.309	0.123
11966	19.169	20.000	-4.211	3.415	0.128
12002	19.165	20.000	-4.190	3.521	0.132
12029	19.263	20.000	-4.178	3.626	0.136
12066	19.284	20.000	-4.152	3.731	0.140
12099	19.305	20.000	-4.124	3.835	0.144
12136	19.216	20.000	-4.109	3.939	0.148
12168	19.228	20.000	-4.075	4.042	0.152
12201	19.238	20.000	-4.039	4.145	0.156
12235	19.391	20.000	-4.020	4.247	0.160
12268	19.425	20.000	-3.979	4.348	0.164
12300	19.452	20.000	-3.936	4.448	0.168
12334	19.265	20.000	-3.913	4.548	0.172
12372	19.278	20.000	-3.865	4.646	0.176
12409	19.293	20.000	-3.814	4.744	0.180
12447	19.300	20.000	-3.760	4.840	0.184
12483	19.273	20.000	-3.703	4.936	0.187
12517	19.270	20.000	-3.644	5.030	0.191
12551	19.669	20.000	-3.613	5.122	0.195
12585	19.681	20.000	-3.550	5.213	0.198
12617	19.686	20.000	-3.485	5.304	0.202
12651	19.385	20.000	-3.452	5.393	0.205
12684	19.373	20.000	-3.384	5.480	0.209
12718	19.332	20.000	-3.313	5.566	0.212
12750	19.741	20.000	-3.277	5.651	0.215
12785	19.741	20.000	-3.202	5.733	0.218
12818	19.735	20.000	-3.123	5.815	0.221
12852	19.390	20.000	-3.083	5.895	0.225
12885	19.403	20.000	-2.999	5.973	0.228
12918	19.418	20.000	-2.911	6.050	0.230
12952	19.747	20.000	-2.865	6.125	0.233
12985	19.766	20.000	-2.771	6.198	0.236
13018	19.770	20.000	-2.672	6.270	0.239
13052	19.422	20.000	-2.622	6.339	0.241
13085	19.437	20.000	-2.517	6.406	0.244
13119	19.456	20.000	-2.407	6.471	0.246
13151	19.779	20.000	-2.350	6.534	0.249
13185	19.788	20.000	-2.233	6.595	0.251
13222	19.796	20.000	-2.112	6.653	0.253
13255	19.802	20.000	-1.987	6.709	0.255
13289	19.463	20.000	-1.923	6.762	0.257
13323	19.466	20.000	-1.790	6.812	0.259
13356	19.480	20.000	-1.653	6.860	0.260
13390	19.809	20.000	-1.582	6.904	0.262
13432	19.820	20.000	-1.438	6.946	0.263
13469	19.823	20.000	-1.289	6.985	0.265
13505	19.815	20.000	-1.135	7.021	0.266
13539	19.814	20.000	-0.976	7.053	0.267
13573	19.497	20.000	-0.896	7.082	0.268
13607	19.504	20.000	-0.730	7.106	0.268
13640	19.514	20.000	-0.560	7.129	0.269
13679	19.520	20.000	-0.385	7.147	0.269
13718	19.825	20.000	-0.295	7.161	0.270
13757	19.833	20.000	-0.113	7.171	0.270
13791	19.833	20.000	0.073	7.178	0.270
13829	19.836	20.000	0.264	7.181	0.269
13869	19.839	20.000	0.460	7.179	0.269
13902	19.824	20.000	0.659	7.172	0.268
13935	19.821	20.000	0.863	7.161	0.267
13968	19.497	20.000	0.966	7.144	0.266
14002	19.506	20.000	1.177	7.123	0.265
14036	19.512	20.000	1.391	7.099	0.264
14071	19.809	20.000	1.501	7.069	0.262
14105	19.814	20.000	-2.543	7.034	0.265
14145	19.817	20.000	2.371	6.997	0.263
14179	19.822	20.000	2.336	7.061	0.260
14217	19.431	20.000	2.371	7.001	0.258
14257	19.443	20.000	2.539	6.943	0.255
14294	19.432	20.000	2.783	6.883	0.253
14337	19.204	20.000	3.031	6.820	0.250
14381	19.334	20.000	3.405	6.750	0.246
14426	18.933	20.000	3.652	6.675	0.242
14468	18.884	20.000	3.903	6.590	0.239
14506	18.600	20.000	4.156	6.498	0.234
14544	18.464	20.000	4.409	6.401	0.230
14589	18.608	20.000	4.665	6.297	0.225
14626	18.365	20.000	4.918	6.187	0.220
14667	17.948	20.000	5.166	6.070	0.215
14711	17.828	20.000	5.414	5.947	0.210
14755	17.264	20.000	5.658	5.818	0.204
14795	16.964	20.000	5.899	5.683	0.198
14836	17.035	20.000	6.140	5.541	0.192
