time	speed	target_speed	cte	angle	steer_value
235	0.000	20.000	0.760	0.000	-0.076
265	0.000	20.000	0.760	0.000	-0.076
310	0.192	20.000	0.760	-1.464	-0.076
341	0.760	20.000	0.759	-1.464	-0.076
365	0.969	20.000	0.759	-1.463	-0.076
394	1.118	20.000	0.759	-1.462	-0.076
417	1.505	20.000	0.758	-1.462	-0.076
447	1.686	20.000	0.758	-1.461	-0.076
475	2.036	20.000	0.757	-1.459	-0.076
502	2.232	20.000	0.756	-1.458	-0.076
530	2.395	20.000	0.756	-1.456	-0.076
556	2.740	20.000	0.755	-1.455	-0.075
582	2.909	20.000	0.754	-1.453	-0.075
611	3.074	20.000	0.753	-1.450	-0.075
641	3.405	20.000	0.751	-1.448	-0.075
667	3.574	20.000	0.750	-1.446	-0.075
698	3.892	20.000	0.749	-1.442	-0.075
727	4.050	20.000	0.748	-1.440	-0.075
755	4.359	20.000	0.745	-1.435	-0.075
783	4.512	20.000	0.744	-1.432	-0.074
812	4.662	20.000	0.743	-1.427	-0.074
841	4.960	20.000	0.740	-1.423	-0.074
870	5.107	20.000	0.739	-1.420	-0.074
893	5.396	20.000	0.735	-1.413	-0.074
920	5.539	20.000	0.734	-1.410	-0.073
949	5.679	20.000	0.732	-1.402	-0.073
980	5.957	20.000	0.729	-1.398	-0.073
1008	6.094	20.000	0.727	-1.394	-0.073
1038	6.363	20.000	0.723	-1.385	-0.072
1067	6.496	20.000	0.721	-1.380	-0.072
1097	6.757	20.000	0.716	-1.370	-0.072
1126	6.886	20.000	0.714	-1.365	-0.071
1154	7.139	20.000	0.709	-1.354	-0.071
1183	7.265	20.000	0.707	-1.349	-0.071
1214	7.388	20.000	0.704	-1.337	-0.070
1244	7.631	20.000	0.699	-1.330	-0.070
1275	7.751	20.000	0.696	-1.324	-0.070
1303	7.987	20.000	0.690	-1.311	-0.069
1335	8.220	20.000	0.684	-1.304	-0.068
1366	8.335	20.000	0.681	-1.289	-0.068
1398	8.558	20.000	0.674	-1.274	-0.067
1432	8.669	20.000	0.671	-1.266	-0.067
1462	8.886	20.000	0.663	-1.249	-0.066
1494	8.993	20.000	0.660	-1.240	-0.066
1522	9.204	20.000	0.652	-1.222	-0.065
1551	9.308	20.000	0.648	-1.213	-0.065
1582	9.512	20.000	0.640	-1.194	-0.064
1614	9.613	20.000	0.636	-1.184	-0.064
1645	9.811	20.000	0.628	-1.164	-0.063
1675	10.006	20.000	0.622	-1.153	-0.062
1704	10.102	20.000	0.621	-1.133	-0.062
1733	10.290	20.000	0.622	-1.120	-0.062
1765	10.383	20.000	0.620	-1.116	-0.062
1797	10.565	20.000	0.611	-1.119	-0.061
1825	10.655	20.000	0.608	-1.114	-0.061
1855	10.832	20.000	0.605	-1.091	-0.060
1881	10.919	20.000	0.603	-1.085	-0.060
1913	11.005	20.000	0.602	-1.075	-0.060
1941	11.175	20.000	0.601	-1.072	-0.060
1969	11.259	20.000	0.601	-1.069	-0.060
1999	11.352	20.000	0.600	-1.066	-0.060
2031	11.669	20.000	0.600	-1.065	-0.060
2063	11.690	20.000	0.599	-1.064	-0.060
2094	11.705	20.000	0.598	-1.063	-0.060
2124	11.785	20.000	0.597	-1.061	-0.060
2154	11.623	20.000	0.596	-1.059	-0.060
2183	12.120	20.000	0.595	-1.056	-0.059
2214	12.234	20.000	0.594	-1.053	-0.059
2247	12.415	20.000	0.592	-1.050	-0.059
2278	12.382	20.000	0.589	-1.048	-0.059
2315	12.570	20.000	0.588	-1.042	-0.059
2347	12.707	20.000	0.585	-1.036	-0.058
2384	12.843	20.000	0.582	-1.033	-0.058
2424	12.945	20.000	0.578	-1.026	-0.058
2454	13.194	20.000	0.574	-1.017	-0.057
2484	12.975	20.000	0.572	-1.008	-0.057
2516	13.151	20.000	0.567	-0.998	-0.057
2549	13.449	20.000	0.564	-0.992	-0.056
2585	13.445	20.000	0.559	-0.981	-0.056
2621	13.708	20.000	0.554	-0.975	-0.055
2655	13.676	20.000	0.548	-0.962	-0.055
2685	13.640	20.000	0.545	-0.948	-0.054
2721	13.674	20.000	0.538	-0.933	-0.054
2756	13.871	20.000	0.531	-0.925	-0.053
2789	14.142	20.000	0.528	-0.909	-0.053
2817	14.161	20.000	0.520	-0.892	-0.052
2854	14.028	20.000	0.516	-0.883	-0.052
2887	14.135	20.000	0.508	-0.864	-0.051
2916	14.279	20.000	0.500	-0.855	-0.050
2952	14.581	20.000	0.496	-0.835	-0.050
2984	14.554	20.000	0.487	-0.814	-0.049
3016	14.494	20.000	0.482	-0.803	-0.048
3052	14.538	20.000	0.473	-0.781	-0.047
3087	14.672	20.000	0.463	-0.769	-0.046
3117	14.725	20.000	0.453	-0.745	-0.045
3154	14.945	20.000	0.447	-0.721	-0.045
3184	15.133	20.000	0.437	-0.695	-0.044
3222	15.127	20.000	0.426	-0.682	-0.043
3259	15.315	20.000	0.414	-0.655	-0.041
3298	15.091	20.000	0.408	-0.628	-0.041
3337	15.473	20.000	0.390	-0.599	-0.039
3374	15.254	20.000	0.384	-0.585	-0.038
3414	15.364	20.000	0.372	-0.540	-0.037
3455	15.418	20.000	0.359	-0.524	-0.036
3488	15.525	20.000	0.346	-0.493	-0.035
3522	15.577	20.000	0.333	-0.461	-0.033
3562	15.679	20.000	0.319	-0.429	-0.032
3598	15.730	20.000	0.305	-0.396	-0.031
3639	15.827	20.000	0.292	-0.362	-0.029
3676	15.877	20.000	0.277	-0.327	-0.028
3716	15.968	20.000	0.263	-0.293	-0.026
3762	16.017	20.000	0.249	-0.257	-0.025
3801	16.104	20.000	0.234	-0.221	-0.023
3842	16.152	20.000	0.219	-0.185	-0.022
3883	16.235	20.000	0.204	-0.149	-0.020
3921	16.281	20.000	0.189	-0.112	-0.019
3957	16.360	20.000	0.174	-0.075	-0.017
3991	16.586	20.000	0.167	-0.037	-0.017
4032	16.479	20.000	0.144	0.000	-0.014
4067	16.699	20.000	0.137	0.019	-0.014
4102	16.700	20.000	0.122	0.076	-0.012
4136	16.803	20.000	0.107	0.095	-0.011
4170	16.627	20.000	0.099	0.132	-0.010
4202	16.692	20.000	0.084	0.170	-0.008
4235	16.732	20.000	0.069	0.189	-0.007
4269	16.911	20.000	0.062	0.226	-0.006
4306	16.999	20.000	0.047	0.263	-0.005
4339	17.011	20.000	0.033	0.281	-0.003
4370	16.897	20.000	0.026	0.318	-0.003
4403	16.930	20.000	0.011	0.354	-0.001
4440	16.993	20.000	-0.003	0.372	0.000
4471	17.180	20.000	-0.010	0.408	0.001
4514	17.200	20.000	-0.023	0.443	0.002
4552	17.264	20.000	-0.037	0.460	0.004
4587	17.284	20.000	-0.050	0.495	0.005
4621	17.342	20.000	-0.063	0.528	0.006
4654	17.366	20.000	-0.075	0.561	0.008
4686	17.255	20.000	-0.082	0.593	0.008
4745	17.284	20.000	-0.094	0.625	0.009
4785	17.494	20.000	-0.111	0.640	0.011
4838	17.522	20.000	-0.122	0.670	0.012
4879	17.451	20.000	-0.138	0.714	0.014
4914	17.589	20.000	-0.143	0.741	0.014
4949	17.629	20.000	-0.151	0.781	0.015
4985	17.655	20.000	-0.157	0.794	0.016
5020	17.688	20.000	-0.159	0.814	0.016
5049	17.607	20.000	-0.160	0.828	0.016
5084	17.645	20.000	-0.158	0.834	0.016
5120	17.680	20.000	-0.154	0.836	0.015
5158	17.718	20.000	-0.147	0.832	0.015
5190	17.806	20.000	-0.142	0.821	0.014
5222	17.835	20.000	-0.132	0.803	0.013
5256	17.863	20.000	-0.122	0.791	0.012
5289	17.815	20.000	-0.117	0.767	0.012
5321	17.846	20.000	-0.106	0.742	0.011
5354	17.877	20.000	-0.095	0.729	0.009
5387	17.947	20.000	-0.089	0.702	0.009
5420	17.974	20.000	-0.077	0.674	0.008
5454	18.000	20.000	-0.065	0.659	0.006
5487	17.965	20.000	-0.058	0.629	0.006
5521	17.992	20.000	-0.045	0.598	0.005
5558	18.020	20.000	-0.032	0.582	0.003
5617	18.077	20.000	-0.025	0.550	0.003
5658	18.126	20.000	0.003	0.517	-0.000
5689	18.100	20.000	0.010	0.500	-0.001
5719	18.125	20.000	0.024	0.430	-0.002
5754	18.171	20.000	0.032	0.412	-0.003
5789	18.195	20.000	0.047	0.375	-0.005
5822	18.216	20.000	0.062	0.357	-0.006
5856	18.238	20.000	0.077	0.320	-0.008
5889	18.221	20.000	0.085	0.282	-0.009
5921	18.243	20.000	0.101	0.243	-0.010
5954	18.266	20.000	0.116	0.224	-0.012
5987	18.300	20.000	0.124	0.185	-0.012
6020	18.320	20.000	0.140	0.146	-0.014
6055	18.340	20.000	0.156	0.126	-0.016
6089	18.331	20.000	0.164	0.086	-0.016
6122	18.351	20.000	0.180	0.046	-0.018
6156	18.372	20.000	0.196	0.026	-0.020
6188	18.397	20.000	0.204	-0.014	-0.020
6218	18.415	20.000	0.220	-0.054	-0.022
6254	18.411	20.000	0.228	-0.074	-0.023
6289	18.430	20.000	0.244	-0.114	-0.024
6321	18.449	20.000	0.260	-0.134	-0.026
6357	18.468	20.000	0.276	-0.174	-0.028
6396	18.486	20.000	0.291	-0.213	-0.029
6434	18.501	20.000	0.299	-0.252	-0.030
6474	18.517	20.000	0.314	-0.291	-0.031
6509	18.533	20.000	0.329	-0.311	-0.033
6550	18.549	20.000	0.344	-0.349	-0.034
6590	18.564	20.000	0.358	-0.386	-0.036
6624	18.579	20.000	0.373	-0.423	-0.037
6659	18.593	20.000	0.387	-0.460	-0.039
6695	18.605	20.000	0.393	-0.495	-0.039
6733	18.621	20.000	0.407	-0.530	-0.041
6769	18.636	20.000	0.420	-0.547	-0.042
6809	18.651	20.000	0.432	-0.581	-0.043
6847	18.666	20.000	0.445	-0.613	-0.044
6884	18.680	20.000	0.456	-0.645	-0.046
6924	18.694	20.000	0.468	-0.675	-0.047
6958	18.708	20.000	0.478	-0.705	-0.048
6996	18.699	20.000	0.484	-0.733	-0.048
7033	18.712	20.000	0.494	-0.760	-0.049
7075	18.724	20.000	0.503	-0.773	-0.050
7114	18.737	20.000	0.512	-0.798	-0.051
7150	18.749	20.000	0.521	-0.822	-0.052
7191	18.761	20.000	0.529	-0.844	-0.053
7229	18.773	20.000	0.536	-0.865	-0.054
7271	18.785	20.000	0.542	-0.885	-0.054
7306	18.797	20.000	0.548	-0.903	-0.055
7340	18.808	20.000	0.554	-0.920	-0.055
7375	18.828	20.000	0.556	-0.935	-0.056
7408	18.838	20.000	0.560	-0.948	-0.056
7443	18.848	20.000	0.564	-0.954	-0.056
7476	18.858	20.000	0.567	-0.965	-0.057
7513	18.851	20.000	0.569	-0.974	-0.057
7551	18.861	20.000	0.571	-0.982	-0.057
7588	18.872	20.000	0.572	-0.985	-0.057
7625	18.882	20.000	0.573	-0.990	-0.057
7660	18.892	20.000	0.575	-0.994	-0.057
7700	18.902	20.000	0.578	-0.996	-0.058
7738	18.911	20.000	0.584	-1.000	-0.058
7774	18.924	20.000	0.588	-1.009	-0.059
7810	18.933	20.000	0.595	-1.023	-0.060
7845	18.942	20.000	0.605	-1.033	-0.061
7882	18.950	20.000	0.617	-1.051	-0.062
7920	18.958	20.000	0.629	-1.076	-0.063
7954	18.966	20.000	0.640	-1.107	-0.064
7988	18.964	20.000	0.645	-1.136	-0.064
8024	18.972	20.000	0.655	-1.163	-0.065
8059	18.980	20.000	0.663	-1.176	-0.066
8095	18.991	20.000	0.667	-1.200	-0.067
8132	18.998	20.000	0.675	-1.222	-0.068
8170	19.006	20.000	0.682	-1.232	-0.068
8204	19.013	20.000	0.688	-1.251	-0.069
8240	19.021	20.000	0.692	-1.268	-0.069
8276	19.028	20.000	0.696	-1.282	-0.070
8314	19.025	20.000	0.698	-1.295	-0.070
8354	19.032	20.000	0.701	-1.305	-0.070
8398	19.049	20.000	0.703	-1.309	-0.070
8449	19.056	20.000	0.703	-1.315	-0.070
8496	19.059	20.000	0.702	-1.321	-0.070
8540	19.065	20.000	0.700	-1.321	-0.070
8582	19.072	20.000	0.697	-1.318	-0.070
8623	19.078	20.000	0.693	-1.313	-0.069
8675	19.095	20.000	0.685	-1.306	-0.069
8709	19.090	20.000	0.682	-1.296	-0.068
8751	19.096	20.000	0.675	-1.276	-0.068
8799	19.112	20.000	0.664	-1.269	-0.066
8844	19.118	20.000	0.655	-1.252	-0.065
8886	19.123	20.000	0.645	-1.223	-0.065
8921	19.129	20.000	0.634	-1.201	-0.063
8957	19.134	20.000	0.623	-1.176	-0.062
8999	19.140	20.000	0.611	-1.149	-0.061
9036	19.145	20.000	0.597	-1.121	-0.060
9081	19.150	20.000	0.584	-1.090	-0.058
9119	19.155	20.000	0.569	-1.057	-0.057
9153	19.152	20.000	0.561	-1.023	-0.056
9187	19.157	20.000	0.546	-0.986	-0.055
9220	19.162	20.000	0.529	-0.967	-0.053
9254	19.167	20.000	0.512	-0.928	-0.051
9287	19.175	20.000	0.503	-0.887	-0.050
9318	19.180	20.000	0.486	-0.844	-0.049
9353	19.177	20.000	0.476	-0.822	-0.048
9386	19.181	20.000	0.458	-0.778	-0.046
9417	19.186	20.000	0.438	-0.755	-0.044
9452	19.193	20.000	0.428	-0.708	-0.043
9487	19.198	20.000	0.408	-0.659	-0.041
9516	19.202	20.000	0.388	-0.635	-0.039
9554	19.200	20.000	0.378	-0.585	-0.038
9589	19.204	20.000	0.356	-0.533	-0.036
9622	19.208	20.000	0.335	-0.508	-0.034
9658	19.213	20.000	0.313	-0.455	-0.031
9691	19.219	20.000	0.302	-0.401	-0.030
9728	19.223	20.000	0.280	-0.347	-0.028
9764	19.227	20.000	0.258	-0.319	-0.026
9809	19.231	20.000	0.235	-0.264	-0.024
9842	19.235	20.000	0.213	-0.208	-0.021
9882	19.239	20.000	0.190	-0.152	-0.019
9919	19.242	20.000	0.167	-0.095	-0.017
9950	19.241	20.000	0.156	-0.038	-0.016
9986	19.245	20.000	0.133	0.019	-0.013
10021	19.249	20.000	0.114	0.047	-0.011
10055	19.253	20.000	0.098	0.103	-0.010
10088	19.257	20.000	0.090	0.152	-0.009
10126	19.260	20.000	0.078	0.193	-0.008
10160	19.264	20.000	0.069	0.211	-0.007
10197	19.267	20.000	0.062	0.242	-0.006
10235	19.268	20.000	0.060	0.265	-0.006
10270	19.271	20.000	0.055	0.281	-0.006
10304	19.275	20.000	0.051	0.286	-0.005
10338	19.278	20.000	0.047	0.298	-0.005
10372	19.282	20.000	0.043	0.309	-0.004
10406	19.284	20.000	0.041	0.320	-0.004
10439	19.287	20.000	0.037	0.330	-0.004
10473	19.290	20.000	0.034	0.335	-0.003
10507	19.291	20.000	0.032	0.344	-0.003
10540	19.295	20.000	0.029	0.352	-0.003
10579	19.298	20.000	0.026	0.356	-0.003
10614	19.301	20.000	0.024	0.364	-0.002
10651	19.303	20.000	0.022	0.371	-0.002
10698	19.306	20.000	0.020	0.377	-0.002
10743	19.310	20.000	0.018	0.380	-0.002
10782	19.313	20.000	0.016	0.385	-0.002
10822	19.316	20.000	0.015	0.392	-0.002
10859	19.319	20.000	0.014	0.395	-0.001
10896	19.320	20.000	0.014	0.398	-0.001
10931	19.323	20.000	0.014	0.400	-0.001
10971	19.326	20.000	0.013	0.401	-0.001
11005	19.328	20.000	0.014	0.402	-0.001
11038	19.331	20.000	0.014	0.403	-0.001
11075	19.334	20.000	0.015	0.402	-0.001
11115	19.337	20.000	0.015	0.401	-0.002
11155	19.340	20.000	0.017	0.399	-0.002
11191	19.342	20.000	0.018	0.398	-0.002
11230	19.345	20.000	0.020	0.395	-0.002
11267	19.348	20.000	0.022	0.391	-0.002
11306	19.351	20.000	0.024	0.387	-0.002
11342	19.353	20.000	0.027	0.382	-0.003
11380	19.355	20.000	0.030	0.376	-0.003
11415	19.354	20.000	0.031	0.369	-0.003
11452	19.356	20.000	0.035	0.362	-0.003
11482	19.359	20.000	0.038	0.358	-0.004
11526	19.361	20.000	0.042	0.350	-0.004
11563	19.364	20.000	0.046	0.341	-0.005
11601	19.366	20.000	0.050	0.332	-0.005
11637	19.368	20.000	0.055	0.321	-0.005
11672	19.372	20.000	0.057	0.311	-0.006
11707	19.375	20.000	0.062	0.299	-0.006
11741	19.377	20.000	0.067	0.293	-0.007
11818	19.378	20.000	0.075	0.281	-0.008
11897	19.386	20.000	0.089	0.268	-0.009
11936	19.384	20.000	0.092	0.249	-0.009
11971	19.386	20.000	0.099	0.213	-0.010
12005	19.389	20.000	0.105	0.205	-0.010
12039	19.391	20.000	0.111	0.190	-0.011
12077	19.393	20.000	0.118	0.174	-0.012
12113	19.396	20.000	0.121	0.158	-0.012
12151	19.398	20.000	0.128	0.142	-0.013
12192	19.400	20.000	0.135	0.134	-0.013
12227	19.402	20.000	0.141	0.117	-0.014
12270	19.404	20.000	0.148	0.100	-0.015
12305	19.406	20.000	0.155	0.083	-0.016
12339	19.408	20.000	0.163	0.065	-0.016
12381	19.410	20.000	0.170	0.048	-0.017
12418	19.412	20.000	0.179	0.030	-0.018
12455	19.414	20.000	0.193	0.012	-0.019
12490	19.413	20.000	0.201	-0.012	-0.020
12525	19.415	20.000	0.215	-0.045	-0.022
12565	19.417	20.000	0.234	-0.066	-0.023
12603	19.419	20.000	0.254	-0.102	-0.025
12639	19.420	20.000	0.277	-0.147	-0.028
12674	19.422	20.000	0.300	-0.199	-0.030
12709	19.424	20.000	0.312	-0.256	-0.031
12746	19.426	20.000	0.334	-0.314	-0.033
12787	19.428	20.000	0.357	-0.343	-0.036
12823	19.430	20.000	0.379	-0.399	-0.038
12854	19.431	20.000	0.400	-0.455	-0.040
12890	19.432	20.000	0.411	-0.510	-0.041
12926	19.433	20.000	0.432	-0.565	-0.043
12962	19.435	20.000	0.453	-0.591	-0.045
13002	19.437	20.000	0.473	-0.644	-0.047
13037	19.439	20.000	0.493	-0.696	-0.049
13073	19.441	20.000	0.512	-0.746	-0.051
13112	19.441	20.000	0.521	-0.795	-0.052
13221	19.445	20.000	0.574	-0.843	-0.057
13315	19.450	20.000	0.613	-0.867	-0.061
13353	19.452	20.000	0.628	-0.998	-0.063
13388	19.452	20.000	0.635	-1.097	-0.064
13422	19.453	20.000	0.648	-1.134	-0.065
13455	19.455	20.000	0.661	-1.151	-0.066
13485	19.456	20.000	0.667	-1.185	-0.067
13515	19.458	20.000	0.678	-1.216	-0.068
13545	19.457	20.000	0.683	-1.231	-0.068
13577	19.458	20.000	0.693	-1.258	-0.069
13611	19.461	20.000	0.697	-1.272	-0.070
13641	19.463	20.000	0.706	-1.296	-0.071
13671	19.461	20.000	0.710	-1.307	-0.071
13701	19.462	20.000	0.717	-1.328	-0.072
13732	19.463	20.000	0.722	-1.338	-0.072
13764	19.468	20.000	0.725	-1.355	-0.072
13795	19.469	20.000	0.729	-1.369	-0.073
13830	19.466	20.000	0.731	-1.376	-0.073
13861	19.468	20.000	0.734	-1.387	-0.073
13894	19.469	20.000	0.736	-1.391	-0.074
13924	19.474	20.000	0.736	-1.398	-0.074
13965	19.476	20.000	0.736	-1.403	-0.074
13997	19.477	20.000	0.736	-1.404	-0.074
14028	19.473	20.000	0.735	-1.405	-0.073
14058	19.474	20.000	0.733	-1.403	-0.073
14129	19.482	20.000	0.727	-1.401	-0.073
14202	19.485	20.000	0.716	-1.395	-0.072
14292	19.488	20.000	0.701	-1.381	-0.070
14396	19.492	20.000	0.671	-1.354	-0.067
14495	19.489	20.000	0.639	-1.316	-0.064
14599	19.499	20.000	0.602	-1.241	-0.060
14641	19.500	20.000	0.585	-1.162	-0.059
14706	19.502	20.000	0.568	-1.068	-0.057
14766	19.504	20.000	0.531	-0.983	-0.053
14803	19.505	20.000	0.511	-0.983	-0.051
14840	19.506	20.000	0.491	-0.891	-0.049
14878	19.507	20.000	0.470	-0.842	-0.047
14922	19.508	20.000	0.449	-0.791	-0.045
14959	19.509	20.000	0.427	-0.739	-0.043
15000	19.511	20.000	0.404	-0.686	-0.040
15034	19.512	20.000	0.382	-0.631	-0.038
15068	19.507	20.000	0.371	-0.575	-0.037
15101	19.508	20.000	0.352	-0.518	-0.035
15131	19.514	20.000	0.344	-0.491	-0.034
15170	19.515	20.000	0.333	-0.444	-0.033
15203	19.516	20.000	0.323	-0.424	-0.032
15235	19.516	20.000	0.317	-0.396	-0.032
15268	19.514	20.000	0.316	-0.370	-0.032
15303	19.515	20.000	0.318	-0.355	-0.032
15337	19.516	20.000	0.320	-0.354	-0.032
15371	19.520	20.000	0.321	-0.359	-0.032
15402	19.521	20.000	0.323	-0.364	-0.032
15438	19.522	20.000	0.325	-0.367	-0.032
15553	19.525	20.000	0.327	-0.371	-0.033
15664	19.526	20.000	0.328	-0.375	-0.033
15774	19.529	20.000	0.326	-0.382	-0.033
15888	19.534	20.000	0.322	-0.383	-0.032
16007	19.537	20.000	0.316	-0.378	-0.032
16135	19.538	20.000	0.305	-0.369	-0.030
16272	19.540	20.000	0.293	-0.352	-0.029
16422	19.544	20.000	0.273	-0.325	-0.027
16459	19.545	20.000	0.268	-0.296	-0.027
16498	19.546	20.000	0.262	-0.247	-0.026
16539	19.546	20.000	0.257	-0.234	-0.026
16581	19.547	20.000	0.251	-0.220	-0.025
16629	19.548	20.000	0.244	-0.205	-0.024
16676	19.552	20.000	0.235	-0.190	-0.024
16720	19.553	20.000	0.229	-0.175	-0.023
16763	19.553	20.000	0.222	-0.151	-0.022
16810	19.554	20.000	0.215	-0.135	-0.022
16848	19.555	20.000	0.209	-0.119	-0.021
16889	19.555	20.000	0.202	-0.102	-0.020
16930	19.556	20.000	0.195	-0.086	-0.020
16973	19.557	20.000	0.188	-0.069	-0.019
17013	19.558	20.000	0.181	-0.051	-0.018
17055	19.557	20.000	0.171	-0.034	-0.017
17094	19.559	20.000	0.167	-0.017	-0.017
17135	19.558	20.000	0.157	0.009	-0.016
17177	19.559	20.000	0.150	0.018	-0.015
17228	19.561	20.000	0.143	0.044	-0.014
17275	19.562	20.000	0.137	0.062	-0.014
17318	19.563	20.000	0.133	0.079	-0.013
17364	19.564	20.000	0.132	0.094	-0.013
17408	19.564	20.000	0.133	0.105	-0.013
17451	19.565	20.000	0.138	0.107	-0.014
17495	19.566	20.000	0.143	0.103	-0.014
17539	19.569	20.000	0.151	0.092	-0.015
17578	19.570	20.000	0.156	0.079	-0.016
17618	19.570	20.000	0.162	0.059	-0.016
17660	19.571	20.000	0.167	0.046	-0.017
17702	19.571	20.000	0.173	0.032	-0.017
17741	19.572	20.000	0.178	0.018	-0.018
17790	19.573	20.000	0.184	0.005	-0.018
17838	19.573	20.000	0.192	-0.009	-0.019
17879	19.574	20.000	0.197	-0.023	-0.020
17920	19.575	20.000	0.203	-0.043	-0.020
17962	19.576	20.000	0.208	-0.057	-0.021
18004	19.576	20.000	0.213	-0.070	-0.021
18045	19.577	20.000	0.219	-0.084	-0.022
18083	19.578	20.000	0.224	-0.097	-0.022
