time	speed	target_speed	cte	angle	steer_value
4398	0.000	10.000	0.760	0.000	0.000
4414	0.438	10.000	0.760	0.000	-0.001
4433	0.876	10.000	0.760	0.436	-0.002
4452	1.314	10.000	0.760	0.411	-0.003
4473	1.752	10.000	0.760	0.386	-0.004
4488	2.190	10.000	0.760	0.361	-0.005
4500	2.628	10.000	0.760	0.336	-0.006
4527	3.066	10.000	0.760	0.311	-0.007
4543	3.504	10.000	0.760	0.286	-0.008
4558	3.504	10.000	0.760	0.286	-0.009
4578	3.942	10.000	0.760	0.236	-0.010
4597	4.380	10.000	0.760	0.211	-0.011
4630	5.256	10.000	0.760	0.186	-0.012
4647	5.694	10.000	0.760	0.161	-0.013
4669	6.132	10.000	0.760	0.136	-0.014
4691	6.570	10.000	0.760	0.111	-0.015
4710	6.786	10.000	0.760	0.086	-0.016
4730	4.869	10.000	0.760	0.061	-0.017
4747	3.187	10.000	0.760	0.036	-0.018
4766	1.684	10.000	0.760	0.011	-0.019
4800	0.433	10.000	0.760	-0.014	-0.020
4818	0.618	10.000	0.760	-0.039	-0.021
4845	1.610	10.000	0.760	-0.064	-0.022
4873	1.761	10.000	0.760	-0.089	-0.023
4890	1.721	10.000	0.760	-0.114	-0.024
4903	1.557	10.000	0.760	-0.139	-0.025
4924	1.316	10.000	0.759	-0.164	-0.026
4944	1.050	10.000	0.759	-0.189	-0.027
4965	0.824	10.000	0.759	-0.214	-0.028
4985	0.642	10.000	0.759	-0.239	-0.029
5008	0.570	10.000	0.759	-0.264	-0.030
5025	0.569	10.000	0.759	-0.289	-0.031
5046	0.667	10.000	0.759	-0.314	-0.032
5064	0.744	10.000	0.759	-0.339	-0.033
5086	0.794	10.000	0.759	-0.364	-0.034
5106	0.810	10.000	0.759	-0.389	-0.035
5124	0.849	10.000	0.759	-0.414	-0.036
5143	0.867	10.000	0.759	-0.439	-0.037
5163	0.867	10.000	0.759	-0.439	-0.038
5184	0.935	10.000	0.758	-0.489	-0.039
5212	0.985	10.000	0.758	-0.514	-0.040
5229	1.049	10.000	0.758	-0.539	-0.041
5250	1.113	10.000	0.758	-0.564	-0.042
5286	1.135	10.000	0.758	-0.589	-0.043
5305	1.259	10.000	0.757	-0.614	-0.044
5320	1.259	10.000	0.757	-0.614	-0.045
5339	1.290	10.000	0.757	-0.664	-0.046
5353	1.366	10.000	0.757	-0.689	-0.047
5372	1.413	10.000	0.757	-0.714	-0.048
5385	1.474	10.000	0.756	-0.739	-0.049
5404	1.525	10.000	0.756	-0.764	-0.050
5425	1.623	10.000	0.756	-0.789	-0.051
5446	1.682	10.000	0.755	-0.814	-0.052
5466	1.712	10.000	0.755	-0.839	-0.053
5487	1.770	10.000	0.755	-0.864	-0.054
5509	1.817	10.000	0.754	-0.889	-0.055
5536	1.900	10.000	0.754	-0.914	-0.056
5573	2.025	10.000	0.753	-0.939	-0.057
5587	2.072	10.000	0.753	-0.964	-0.058
5606	2.131	10.000	0.752	-0.989	-0.059
5620	2.191	10.000	0.752	-1.014	-0.060
5637	2.191	10.000	0.752	-1.014	-0.061
5656	2.269	10.000	0.751	-1.064	-0.062
5670	2.334	10.000	0.751	-1.089	-0.063
5692	2.412	10.000	0.750	-1.114	-0.064
5709	2.480	10.000	0.750	-1.139	-0.065
5731	2.563	10.000	0.749	-1.164	-0.066
5757	2.637	10.000	0.749	-1.189	-0.067
5778	2.715	10.000	0.748	-1.214	-0.068
5800	2.796	10.000	0.747	-1.239	-0.069
5830	2.961	10.000	0.746	-1.264	-0.070
5851	3.061	10.000	0.745	-1.289	-0.071
5891	3.204	10.000	0.744	-1.314	-0.072
5911	3.277	10.000	0.743	-1.339	-0.073
5933	3.350	10.000	0.742	-1.364	-0.074
5954	3.424	10.000	0.741	-1.389	-0.075
5968	3.494	10.000	0.740	-1.414	-0.076
6004	3.567	10.000	0.739	-1.439	-0.077
6019	3.638	10.000	0.738	-1.464	-0.078
6042	3.709	10.000	0.737	-1.489	-0.079
6058	3.778	10.000	0.736	-1.514	-0.080
6080	3.848	10.000	0.735	-1.539	-0.081
6102	3.914	10.000	0.734	-1.564	-0.082
6125	3.983	10.000	0.732	-1.589	-0.083
6143	4.115	10.000	0.730	-1.614	-0.084
6166	4.180	10.000	0.729	-1.639	-0.085
6183	4.180	10.000	0.729	-1.639	-0.086
6214	4.308	10.000	0.726	-1.689	-0.087
6231	4.372	10.000	0.724	-1.714	-0.088
6253	4.434	10.000	0.723	-1.739	-0.089
6276	4.497	10.000	0.721	-1.764	-0.090
6295	4.558	10.000	0.720	-1.789	-0.091
6317	4.619	10.000	0.718	-1.814	-0.092
6346	4.679	10.000	0.716	-1.839	-0.093
6364	4.798	10.000	0.713	-1.864	-0.094
6386	4.857	10.000	0.711	-1.889	-0.095
6409	4.915	10.000	0.709	-1.914	-0.096
6427	4.972	10.000	0.707	-1.939	-0.097
6449	5.029	10.000	0.705	-1.964	-0.098
6470	5.085	10.000	0.703	-1.989	-0.099
6485	5.140	10.000	0.701	-2.014	-0.100
6523	5.195	10.000	0.699	-2.039	-0.101
6542	5.250	10.000	0.697	-2.064	-0.102
6566	5.304	10.000	0.694	-2.089	-0.103
6606	5.411	10.000	0.689	-2.114	-0.104
6620	5.463	10.000	0.687	-2.139	-0.105
6640	5.515	10.000	0.684	-2.164	-0.106
6662	5.567	10.000	0.682	-2.189	-0.107
6686	5.617	10.000	0.679	-2.214	-0.108
6710	5.718	10.000	0.673	-2.239	-0.109
6731	5.768	10.000	0.671	-2.264	-0.110
6753	5.816	10.000	0.668	-2.289	-0.111
6768	5.864	10.000	0.665	-2.314	-0.112
6799	5.912	10.000	0.661	-2.339	-0.113
6833	6.007	10.000	0.655	-2.364	-0.114
6858	6.054	10.000	0.652	-2.389	-0.115
6876	6.099	10.000	0.648	-2.414	-0.116
6902	6.145	10.000	0.645	-2.439	-0.117
6939	6.234	10.000	0.638	-2.464	-0.118
6953	6.279	10.000	0.634	-2.489	-0.119
6973	6.322	10.000	0.630	-2.514	-0.120
6991	6.366	10.000	0.626	-2.539	-0.121
7009	6.408	10.000	0.622	-2.564	-0.122
7031	6.451	10.000	0.618	-2.589	-0.123
7053	6.492	10.000	0.614	-2.614	-0.124
7068	6.534	10.000	0.610	-2.639	-0.125
7111	6.616	10.000	0.603	-2.664	-0.126
7151	6.697	10.000	0.598	-2.689	-0.127
7198	6.776	10.000	0.594	-2.714	-0.128
7220	6.815	10.000	0.593	-2.739	-0.129
7240	6.853	10.000	0.592	-2.764	-0.130
7253	6.890	10.000	0.591	-2.789	-0.131
7273	6.928	10.000	0.582	-2.814	-0.132
7297	6.965	10.000	0.578	-2.839	-0.133
7320	7.001	10.000	0.574	-2.864	-0.134
7344	7.037	10.000	0.570	-2.889	-0.135
7379	7.109	10.000	0.562	-2.914	-0.136
7419	7.179	10.000	0.555	-2.939	-0.137
7457	7.248	10.000	0.549	-2.964	-0.138
7475	7.282	10.000	0.545	-2.989	-0.139
7494	7.316	10.000	0.542	-3.014	-0.140
7513	7.348	10.000	0.539	-3.039	-0.141
7536	7.381	10.000	0.536	-3.064	-0.142
7566	7.445	10.000	0.530	-3.089	-0.143
7586	7.477	10.000	0.526	-3.114	-0.144
7609	7.508	10.000	0.523	-3.139	-0.145
7629	7.539	10.000	0.520	-3.164	-0.146
7673	7.600	10.000	0.513	-3.189	-0.147
7687	7.630	10.000	0.509	-3.214	-0.148
7701	7.660	10.000	0.505	-3.239	-0.149
7731	7.689	10.000	0.501	-3.264	-0.150
7746	7.718	10.000	0.497	-3.289	-0.151
7769	7.747	10.000	0.493	-3.314	-0.152
7803	7.775	10.000	0.489	-3.339	-0.153
7825	7.832	10.000	0.480	-3.364	-0.154
7839	7.832	10.000	0.480	-3.364	-0.155
7859	7.859	10.000	0.475	-3.414	-0.156
7878	7.886	10.000	0.470	-3.439	-0.157
7913	7.940	10.000	0.460	-3.464	-0.158
7931	7.967	10.000	0.455	-3.489	-0.159
7949	7.993	10.000	0.450	-3.514	-0.160
7971	8.019	10.000	0.444	-3.539	-0.161
7985	8.045	10.000	0.438	-3.564	-0.162
8023	8.070	10.000	0.432	-3.589	-0.163
8041	8.120	10.000	0.420	-3.614	-0.164
8065	8.145	10.000	0.414	-3.639	-0.165
8087	8.169	10.000	0.408	-3.664	-0.166
8111	8.194	10.000	0.401	-3.689	-0.167
8130	8.217	10.000	0.395	-3.714	-0.168
8152	8.241	10.000	0.388	-3.739	-0.169
8171	8.264	10.000	0.381	-3.764	-0.170
8184	8.287	10.000	0.374	-3.789	-0.171
8205	8.310	10.000	0.366	-3.814	-0.172
8219	8.333	10.000	0.359	-3.839	-0.173
8234	8.333	10.000	0.359	-3.839	-0.174
8255	8.355	10.000	0.351	-3.889	-0.175
8274	8.378	10.000	0.343	-3.914	-0.176
8298	8.400	10.000	0.335	-3.939	-0.177
8316	8.421	10.000	0.327	-3.964	-0.178
8353	8.464	10.000	0.310	-3.989	-0.179
8378	8.486	10.000	0.301	-4.014	-0.180
8397	8.507	10.000	0.293	-4.039	-0.181
8420	8.527	10.000	0.284	-4.064	-0.182
8435	8.548	10.000	0.274	-4.089	-0.183
8479	8.588	10.000	0.255	-4.114	-0.184
8503	8.608	10.000	0.246	-4.139	-0.185
8528	8.648	10.000	0.226	-4.164	-0.186
8547	8.667	10.000	0.215	-4.189	-0.187
8571	8.686	10.000	0.205	-4.214	-0.188
8594	8.705	10.000	0.194	-4.239	-0.189
8612	8.723	10.000	0.183	-4.264	-0.190
8630	8.742	10.000	0.172	-4.289	-0.191
8667	8.760	10.000	0.161	-4.314	-0.192
8686	8.796	10.000	0.138	-4.339	-0.193
8711	8.814	10.000	0.126	-4.364	-0.194
8730	8.831	10.000	0.114	-4.389	-0.195
8753	8.848	10.000	0.102	-4.414	-0.196
8791	8.883	10.000	0.076	-4.439	-0.197
8824	8.916	10.000	0.051	-4.464	-0.198
8843	8.933	10.000	0.037	-4.489	-0.199
8866	8.933	10.000	0.037	-4.489	-0.200
8903	8.965	10.000	0.010	-4.539	-0.201
8923	8.997	10.000	-0.018	-4.564	-0.202
8946	9.012	10.000	-0.032	-4.589	-0.203
8969	9.028	10.000	-0.047	-4.614	-0.204
8994	9.043	10.000	-0.062	-4.639	-0.205
9013	9.058	10.000	-0.077	-4.664	-0.206
9036	9.073	10.000	-0.092	-4.689	-0.207
9057	9.088	10.000	-0.107	-4.714	-0.208
9075	9.102	10.000	-0.123	-4.739	-0.209
9098	9.116	10.000	-0.139	-4.764	-0.210
9121	9.131	10.000	-0.155	-4.789	-0.211
9145	9.145	10.000	-0.172	-4.814	-0.212
9164	9.172	10.000	-0.205	-4.839	-0.213
9186	9.186	10.000	-0.222	-4.864	-0.214
9206	9.200	10.000	-0.239	-4.889	-0.215
9230	9.213	10.000	-0.257	-4.914	-0.216
9252	9.226	10.000	-0.275	-4.939	-0.217
9281	9.239	10.000	-0.292	-4.964	-0.218
9309	9.265	10.000	-0.329	-4.989	-0.219
9351	9.291	10.000	-0.367	-5.014	-0.220
9412	9.328	10.000	-0.425	-5.064	-0.221
9431	9.340	10.000	-0.445	-5.064	-0.222
9453	9.351	10.000	-0.465	-5.089	-0.223
9469	9.363	10.000	-0.486	-5.114	-0.224
9508	9.375	10.000	-0.506	-5.139	-0.225
9522	9.398	10.000	-0.549	-5.164	-0.226
9557	9.398	10.000	-0.549	-5.164	-0.227
9602	9.431	10.000	-0.614	-5.214	-0.228
9619	9.442	10.000	-0.636	-5.239	-0.229
9644	9.452	10.000	-0.658	-5.264	-0.230
9666	9.473	10.000	-0.704	-5.289	-0.231
9701	9.484	10.000	-0.727	-5.314	-0.232
9720	9.494	10.000	-0.751	-5.339	-0.233
9740	9.503	10.000	-0.774	-5.364	-0.234
9759	9.513	10.000	-0.798	-5.389	-0.235
9779	9.522	10.000	-0.823	-5.414	-0.236
9812	9.540	10.000	-0.872	-5.439	-0.237
9833	9.549	10.000	-0.897	-5.464	-0.238
9872	9.558	10.000	-0.922	-5.489	-0.239
9891	9.575	10.000	-0.973	-5.514	-0.240
9915	9.584	10.000	-1.000	-5.539	-0.241
9940	9.592	10.000	-1.026	-5.564	-0.242
9953	9.600	10.000	-1.052	-5.589	-0.243
9974	9.608	10.000	-1.079	-5.614	-0.244
9993	9.617	10.000	-1.106	-5.639	-0.245
10017	9.625	10.000	-1.134	-5.664	-0.246
10068	9.640	10.000	-1.189	-5.689	-0.247
10123	9.664	10.000	-1.275	-5.714	-0.248
10142	9.679	10.000	-1.333	-5.739	-0.249
10162	9.679	10.000	-1.333	-5.739	-0.250
10206	9.693	10.000	-1.393	-5.789	-0.251
10256	9.715	10.000	-1.484	-5.814	-0.252
10274	9.721	10.000	-1.515	-5.839	-0.253
10295	9.728	10.000	-1.546	-5.864	-0.254
10334	9.740	10.000	-1.610	-5.889	-0.255
10391	9.752	10.000	-1.674	-5.914	-0.256
10410	9.764	10.000	-1.740	-5.939	-0.257
10435	9.770	10.000	-1.773	-5.964	-0.258
10466	9.775	10.000	-1.806	-5.989	-0.259
10515	9.786	10.000	-1.874	-6.014	-0.260
10536	9.797	10.000	-1.943	-6.039	-0.261
10578	9.807	10.000	-2.013	-6.064	-0.262
10597	9.812	10.000	-2.048	-6.089	-0.263
10635	9.822	10.000	-2.120	-6.114	-0.264
10679	9.832	10.000	-2.193	-6.139	-0.265
10699	9.837	10.000	-2.230	-6.164	-0.266
10751	9.843	10.000	-2.305	-6.189	-0.267
10797	9.852	10.000	-2.418	-6.214	-0.268
10818	9.855	10.000	-2.457	-6.239	-0.269
10850	9.857	10.000	-2.496	-6.264	-0.270
10869	9.862	10.000	-2.574	-6.289	-0.271
10890	9.864	10.000	-2.614	-6.314	-0.272
10915	9.866	10.000	-2.654	-6.339	-0.273
10958	9.870	10.000	-2.734	-6.364	-0.274
10977	9.872	10.000	-2.775	-6.389	-0.275
11001	9.874	10.000	-2.816	-6.414	-0.276
11024	9.876	10.000	-2.857	-6.439	-0.277
11043	9.879	10.000	-2.940	-6.464	-0.278
11068	9.881	10.000	-2.982	-6.489	-0.279
11090	9.883	10.000	-3.025	-6.514	-0.280
11110	9.884	10.000	-3.067	-6.539	-0.281
11152	9.844	10.000	-3.153	-6.564	-0.282
11192	9.810	10.000	-3.196	-6.589	-0.283
11211	9.743	10.000	-3.281	-6.614	-0.284
11236	9.709	10.000	-3.323	-6.639	-0.285
11256	9.674	10.000	-3.365	-6.664	-0.286
11280	9.633	10.000	-3.407	-6.689	-0.287
11314	9.588	10.000	-3.448	-6.714	-0.288
11333	9.498	10.000	-3.530	-6.739	-0.289
11384	9.409	10.000	-3.612	-6.764	-0.290
11404	9.346	10.000	-3.693	-6.789	-0.291
11424	9.314	10.000	-3.734	-6.814	-0.292
11443	9.281	10.000	-3.775	-6.839	-0.293
11467	9.248	10.000	-3.816	-6.864	-0.294
11490	9.091	10.000	-3.856	-6.889	-0.295
11519	9.040	10.000	-3.896	-6.914	-0.296
11565	8.983	10.000	-3.977	-6.939	-0.297
11585	8.949	10.000	-4.059	-6.964	-0.298
11625	8.941	10.000	-4.101	-6.989	-0.299
11645	8.938	10.000	-4.186	-7.014	-0.300
11669	9.055	10.000	-4.229	-7.039	-0.301
11696	9.111	10.000	-4.276	-7.064	-0.302
11717	9.124	10.000	-4.323	-7.089	-0.303
11768	9.166	10.000	-4.417	-7.114	-0.304
11791	9.236	10.000	-4.512	-7.139	-0.305
11813	9.283	10.000	-4.560	-7.164	-0.306
11837	9.323	10.000	-4.609	-7.189	-0.307
11863	9.348	10.000	-4.660	-7.214	-0.308
11905	9.028	10.000	-4.757	-7.239	-0.309
11936	8.880	10.000	-4.851	-7.264	-0.310
